
========== Nodes voltage to reference ========
e1 =  [-10.000000000]
e2 =  [-7.272727273]
e3 =  [-1.818181818]

========== Branches voltage difference ========
v1 =  [10.000000000]
v2 =  [-2.727272727]
v3 =  [-5.454545455]
v4 =  [-1.818181818]
v5 =  [-1.818181818]

=============== Branches currents ==============
i1 =  [-0.002727273]
i2 =  [-0.002727273]
i3 =  [-0.002727273]
i4 =  [-0.000909091]
i5 =  [-0.001818182]

================= End solution =================

