
========== Nodes voltage to reference ========
e1 =  [10.000000000]
e2 =  [10.000000000]
e3 =  [0.002500000]
e4 =  [-0.005000000]
e5 =  [-0.000000000]

========== Branches voltage difference ========
v1 =  [0.000000000]
v2 =  [0.002500000]
v3 =  [10.000000000]
v4 =  [10.000000000]
v5 =  [0.002500000]
v6 =  [0.005000000]
v7 =  [-10.005000000]
v8 =  [0.000000000]
v9 =  [-0.005000000]

=============== Branches currents ==============
i1 =  [-0.000000000]
i2 =  [-0.000002500]
i3 =  [0.000000000]
i4 =  [-0.003335000]
i5 =  [0.000002500]
i6 =  [0.000002500]
i7 =  [-0.003335000]
i8 =  [-0.000000000]
i9 =  [0.003337500]

================= End solution =================

