
========== Nodes voltage to reference ========
e1 =  [4.969696970]
e2 =  [4.848484848]
e3 =  [-0.121212121]
e4 =  [10.000000000]

========== Branches voltage difference ========
v1 =  [-4.969696970]
v2 =  [4.969696970]
v3 =  [5.090909091]
v4 =  [-0.121212121]
v5 =  [4.848484848]
v6 =  [-4.969696970]
v7 =  [-0.121212121]
v8 =  [-10.121212121]
v9 =  [10.000000000]

=============== Branches currents ==============
i1 =  [1.000000000]
i2 =  [1.242424242]
i3 =  [5.090909091]
i4 =  [5.333333333]
i5 =  [4.848484848]
i6 =  [10.181818182]
i7 =  [-0.030303030]
i8 =  [-5.060606061]
i9 =  [-5.060606061]

================= End solution =================

